2 0.53671875 0.3703125 0.0671875 0.146875
2 0.550390625 0.213671875 0.04140625 0.08984375
2 0.653515625 0.369140625 0.04765625 0.11640625
2 0.76796875 0.41015625 0.0484375 0.1109375
2 0.77890625 0.237109375 0.0484375 0.08984375
2 0.715625 0.15390625 0.03125 0.0890625
2 0.6140625 0.1734375 0.04375 0.09375
2 0.528515625 0.96328125 0.03515625 0.0640625
2 0.7875 0.96171875 0.028125 0.0609375
2 0.943359375 0.970703125 0.03671875 0.05703125
2 0.869140625 0.96484375 0.02578125 0.0703125
2 0.8359375 0.936328125 0.03125 0.06640625
2 0.903515625 0.940234375 0.02890625 0.05546875
2 0.730859375 0.902734375 0.03671875 0.07109375
2 0.68671875 0.904296875 0.0265625 0.07421875
2 0.631640625 0.905078125 0.03828125 0.07578125
2 0.580859375 0.905078125 0.03671875 0.07890625
2 0.484375 0.90703125 0.021875 0.0734375
2 0.41875 0.9265625 0.025 0.05625
2 0.375390625 0.953125 0.02890625 0.059375