0 0.400390625 0.9482269503546099 0.103515625 0.10354609929078014
0 0.26611328125 0.8453900709219858 0.1435546875 0.30921985815602837
0 0.22216796875 0.4666666666666667 0.1328125 0.3276595744680851
0 0.3525390625 0.6361702127659574 0.103515625 0.2127659574468085
0 0.31298828125 0.2822695035460993 0.1396484375 0.3446808510638298
0 0.576171875 0.34397163120567376 0.1513671875 0.3347517730496454
0 0.6787109375 0.18652482269503545 0.130859375 0.3304964539007092
0 0.779296875 0.10141843971631205 0.12890625 0.2028368794326241
0 0.6455078125 0.04539007092198582 0.142578125 0.09078014184397164
0 0.4189453125 0.14184397163120568 0.14453125 0.28368794326241137
0 0.37548828125 0.03475177304964539 0.1064453125 0.06950354609929078
0 0.52294921875 0.08297872340425531 0.1376953125 0.16595744680851063
0 0.1875 0.12695035460992907 0.064453125 0.25390070921985813
0 0.515625 0.8978723404255319 0.109375 0.20425531914893616
