0 0.21044402751719826 0.18442865600947306 0.32833020637898686 0.11486086441681469
0 0.2507817385866166 0.3629366489046773 0.40212632895559725 0.11663706335109532
0 0.23921200750469043 0.5201302545885139 0.3877423389618512 0.12255772646536411
0 0.22764227642276422 0.6773238602723505 0.3689806128830519 0.12729425695677915
0 0.27298311444652906 0.8422143280047365 0.34083802376485306 0.12551805802249852
0 0.7141963727329581 0.7705743043220841 0.47592245153220764 0.13854351687388988
0 0.6932457786116323 0.6195973949082297 0.5178236397748592 0.12078152753108348
0 0.6979362101313321 0.45204262877442275 0.5084427767354597 0.1438721136767318
0 0.66541588492808 0.30047365304914153 0.5778611632270169 0.10775606867969213
0 0.625703564727955 0.11515689757252812 0.649155722326454 0.13084665482534044
