2 0.3703125 0.46328125 0.146875 0.0671875
2 0.2140625 0.45 0.090625 0.040625
2 0.36875 0.346875 0.115625 0.046875
2 0.41015625 0.23359375 0.1109375 0.0484375
2 0.2375 0.22109375 0.090625 0.0484375
2 0.15390625 0.2859375 0.0890625 0.03125
2 0.1734375 0.3859375 0.09375 0.04375
2 0.96328125 0.471875 0.0640625 0.034375
2 0.96171875 0.2125 0.0609375 0.028125
2 0.971875 0.0578125 0.05625 0.0375
2 0.96484375 0.13125 0.0703125 0.025
2 0.9359375 0.1640625 0.065625 0.03125
2 0.940625 0.096875 0.05625 0.028125
2 0.903125 0.26875 0.071875 0.0375
2 0.9046875 0.31484375 0.075 0.0265625
2 0.9046875 0.36875 0.075 0.0375
2 0.9046875 0.4203125 0.078125 0.0375
2 0.90703125 0.5171875 0.0734375 0.021875
2 0.9265625 0.5828125 0.05625 0.025
2 0.953125 0.625 0.059375 0.028125