2 0.53671875 0.3703125 0.0671875 0.146875
2 0.5515625 0.2140625 0.040625 0.090625
2 0.653125 0.36875 0.046875 0.115625
2 0.76796875 0.41015625 0.0484375 0.1109375
2 0.77890625 0.2375 0.0484375 0.090625
2 0.715625 0.15390625 0.03125 0.0890625
2 0.6140625 0.1734375 0.04375 0.09375
2 0.528125 0.96328125 0.034375 0.0640625
2 0.7875 0.96171875 0.028125 0.0609375
2 0.94375 0.971875 0.0375 0.05625
2 0.86875 0.96484375 0.025 0.0703125
2 0.8359375 0.9359375 0.03125 0.065625
2 0.9046875 0.940625 0.028125 0.05625
2 0.73125 0.903125 0.0375 0.071875
2 0.68671875 0.9046875 0.0265625 0.075
2 0.6328125 0.9046875 0.0375 0.075
2 0.58125 0.9046875 0.0375 0.078125
2 0.484375 0.90703125 0.021875 0.0734375
2 0.41875 0.9265625 0.025 0.05625
2 0.3765625 0.953125 0.028125 0.059375