0 0.1298828125 0.3553191489361702 0.193359375 0.150354609929078
0 0.05712890625 0.20567375886524822 0.11328125 0.15460992907801419
0 0.25439453125 0.16028368794326242 0.2275390625 0.20851063829787234
0 0.52294921875 0.09645390070921986 0.2255859375 0.19290780141843972
0 0.40625 0.28581560283687946 0.146484375 0.150354609929078
0 0.64990234375 0.22836879432624113 0.2373046875 0.2028368794326241
0 0.607421875 0.6106382978723405 0.23046875 0.2198581560283688
0 0.7158203125 0.7595744680851064 0.2275390625 0.1900709219858156
0 0.82177734375 0.9063829787234042 0.2353515625 0.18723404255319148
0 0.9375 0.7113475177304964 0.125 0.20709219858156028
0 0.7587890625 0.3822695035460993 0.220703125 0.2099290780141844
0 0.95166015625 0.3191489361702128 0.0966796875 0.15460992907801419
0 0.86572265625 0.5340425531914894 0.228515625 0.2
0 0.78271484375 0.04680851063829787 0.2275390625 0.09361702127659574
0 0.22119140625 0.5234042553191489 0.1494140625 0.15886524822695036