0 0.58251953125 0.6493055555555556 0.2001953125 0.2569444444444444
0 0.431640625 0.5885416666666666 0.18212890625 0.2013888888888889
0 0.5263671875 0.3532986111111111 0.1806640625 0.22135416666666666
0 0.43896484375 0.2439236111111111 0.0087890625 0.0008680555555555555
0 0.71484375 0.0993923611111111 0.208984375 0.1987847222222222
0 0.484619140625 0.1193576388888889 0.23681640625 0.2387152777777778
0 0.7314453125 0.8107638888888888 0.2138671875 0.2569444444444444
0 0.80419921875 0.5685763888888888 0.2119140625 0.2586805555555556
0 0.73974609375 0.3359375 0.2255859375 0.25
0 0.296875 0.3307291666666667 0.263671875 0.2838541666666667
0 0.33349609375 0.6918402777777778 0.23681640625 0.2586805555555556
0 0.13525390625 0.7291666666666666 0.22998046875 0.2821180555555556
0 0.0859375 0.11458333333333333 0.171875 0.2282986111111111
0 0.267333984375 0.10026041666666667 0.20458984375 0.20052083333333334
0 0.09326171875 0.3845486111111111 0.1865234375 0.20572916666666666
0 0.59423828125 0.9131944444444444 0.19677734375 0.1736111111111111
0 0.90869140625 0.09027777777777778 0.18115234375 0.18055555555555555
0 0.9326171875 0.2847222222222222 0.13330078125 0.15885416666666666
0 0.953125 0.4895833333333333 0.09375 0.1423611111111111
0 0.40966796875 0.9123263888888888 0.1923828125 0.1736111111111111