0 0.41748046875 0.3506944444444444 0.2001953125 0.2569444444444444
0 0.568359375 0.4114583333333333 0.18212890625 0.2013888888888889
0 0.4736328125 0.6467013888888888 0.1806640625 0.22135416666666666
0 0.56103515625 0.7560763888888888 0.0087890625 0.0008680555555555555
0 0.28515625 0.9006076388888888 0.208984375 0.1987847222222222
0 0.515380859375 0.8806423611111112 0.23681640625 0.2387152777777778
0 0.2685546875 0.1892361111111111 0.2138671875 0.2569444444444444
0 0.19580078125 0.4314236111111111 0.2119140625 0.2586805555555556
0 0.26025390625 0.6640625 0.2255859375 0.25
0 0.703125 0.6692708333333334 0.263671875 0.2838541666666667
0 0.66650390625 0.3081597222222222 0.23681640625 0.2586805555555556
0 0.86474609375 0.2708333333333333 0.22998046875 0.2821180555555556
0 0.9140625 0.8854166666666666 0.171875 0.2282986111111111
0 0.732666015625 0.8997395833333334 0.20458984375 0.20052083333333334
0 0.90673828125 0.6154513888888888 0.1865234375 0.20572916666666666
0 0.40576171875 0.08680555555555555 0.19677734375 0.1736111111111111
0 0.09130859375 0.9097222222222222 0.18115234375 0.18055555555555555
0 0.0673828125 0.7152777777777778 0.13330078125 0.15885416666666666
0 0.046875 0.5104166666666666 0.09375 0.1423611111111111
0 0.59033203125 0.0876736111111111 0.1923828125 0.1736111111111111