0 0.583984375 0.3532986111111111 0.14453125 0.3559027777777778
0 0.5498046875 0.6215277777777778 0.11328125 0.3237847222222222
0 0.41748046875 0.453125 0.12451171875 0.3211805555555556
0 0.35595703125 0.6085069444444444 0.00048828125 0.015625
0 0.274658203125 0.1519097222222222 0.11181640625 0.3038194444444444
0 0.285888671875 0.52734375 0.13427734375 0.4210069444444444
0 0.6748046875 0.13932291666666666 0.14453125 0.2786458333333333
0 0.53857421875 0.09418402777777778 0.1455078125 0.18836805555555555
0 0.40771484375 0.1371527777777778 0.140625 0.2743055555555556
0 0.404541015625 0.8133680555555556 0.15966796875 0.3732638888888889
0 0.60791015625 0.7925347222222222 0.1455078125 0.4149305555555556
0 0.275146484375 0.8658854166666666 0.11279296875 0.2682291666666667
0 0.732421875 0.3324652777777778 0.09765625 0.3498263888888889
0 0.26953125 0.0802951388888889 0.1015625 0.1605902777777778
0 0.378662109375 0.059027777777777776 0.08935546875 0.11805555555555555
0 0.494140625 0.041666666666666664 0.080078125 0.08333333333333333
0 0.73193359375 0.6605902777777778 0.09765625 0.3420138888888889