1 0.503125 0.3953125 0.396875 0.58515625
1 0.38671875 0.91640625 0.15078125 0.09921875
1 0.54453125 0.89140625 0.1796875 0.13125
1 0.86796875 0.875 0.18125 0.10546875
1 0.93046875 0.70703125 0.13671875 0.140625
1 0.8515625 0.74140625 0.146875 0.165625
1 0.7546875 0.74765625 0.1359375 0.17265625
1 0.6609375 0.75703125 0.1125 0.16640625
1 0.565625 0.75546875 0.10859375 0.1546875
1 0.4796875 0.77109375 0.0953125 0.13359375
1 0.825 0.56015625 0.1671875 0.18203125
1 0.9265625 0.553125 0.146875 0.15234375