0 0.34266133637921187 0.08738738738738738 0.27298686464877214 0.13153153153153152
0 0.33181039406053686 0.20810810810810812 0.2324386065105654 0.10810810810810811
0 0.11707595659623073 0.17882882882882883 0.23300970873786409 0.10990990990990991
0 0.6856082238720731 0.1355855855855856 0.32667047401484867 0.13783783783783785
0 0.6790405482581382 0.25900900900900903 0.336950314106225 0.11351351351351352
0 0.665619645916619 0.3824324324324324 0.3209594517418618 0.12072072072072072
0 0.663906339234723 0.4594594594594595 0.31010850942318674 0.11801801801801802
0 0.7013135351227869 0.5495495495495496 0.29754426042261567 0.1063063063063063
0 0.11564820102798401 0.31126126126126125 0.23015419760137065 0.13423423423423422
0 0.3489434608794974 0.3481981981981982 0.22101656196459166 0.13603603603603603
0 0.12078812107367219 0.43783783783783786 0.22901199314677329 0.11171171171171171
0 0.12392918332381496 0.5657657657657658 0.23929183323814962 0.0963963963963964
0 0.11650485436893204 0.6837837837837838 0.220445459737293 0.08738738738738738
0 0.36122215876641917 0.8130630630630631 0.31753283837806967 0.1045045045045045
0 0.3263849229011993 0.9382882882882883 0.28612221587664194 0.1036036036036036
0 0.6801827527127355 0.890990990990991 0.33123929183323814 0.09099099099099099
0 0.6747572815533981 0.7927927927927928 0.316961736150771 0.1009009009009009
0 0.6136493432324386 0.6702702702702703 0.1907481439177613 0.11441441441441441
0 0.7864077669902912 0.6837837837837838 0.14448886350656767 0.14054054054054055
0 0.3646487721302113 0.636936936936937 0.29411764705882354 0.11891891891891893
0 0.09794403198172473 0.7972972972972973 0.19588806396344946 0.12702702702702703
